$grad          cartesian gradients
  cycle =      1    SCF energy =     -657.9426476395   |dE/dxyz| =  0.043381
    0.00412670810000     -0.00160772270000     -0.01264778220000      mg
    0.19406562330000     -3.65636142890000     -1.65305973760000      o
    0.92829433460000     -4.43303469620000     -3.11237795470000      h
   -1.45642928570000     -4.38663442960000     -1.53268231300000      h
   -3.63488755860000     -0.88998809900000      1.39185234990000      o
   -4.23893579140000     -2.58639375000000      1.56289744210000      h
   -5.07558494360000      0.05022894840000      0.83300910300000      h
    1.53045330040000     -1.66564583590000      3.22608676200000      o
    2.08114268630000     -0.68791299320000      4.64478423230000      h
    2.60934549370000     -3.11750728860000      3.22966183310000      h
   -0.11695088630000      3.28794748990000      1.91792427530000      o
   -1.25217586680000      3.61395087570000      3.28792750910000      h
    1.30054075140000      4.36525704890000      2.23736815840000      h
    3.42646690070000      0.47945766810000     -1.70730294750000      o
    5.11273943080000      0.65174154600000     -1.07585536800000      h
    3.48550693940000      1.20663563230000     -3.36249154860000      h
   -1.23757615480000      1.45043074300000     -3.76637383770000      o
   -2.27750692740000      2.55460772490000     -4.75189908190000      h
   -0.54186905500000      0.29063795600000     -4.96753791830000      h
  0.80171454678427D-02  0.58640393254795D-02  0.11281370520948D-02
  0.74385029017873D-02  -.45750353062695D-02  -.31391606575737D-02
  -.76656158554881D-02  0.17284397478792D-02  0.36409824649904D-02
  0.10645502178599D-01  0.80504874789727D-02  -.11068591312945D-02
  -.86053502032504D-02  -.40153718620883D-02  0.95173154567986D-02
  0.21232973790144D-02  0.96791409101482D-02  -.65269859743775D-02
  0.65661140011489D-02  -.48959272310006D-02  -.18720587823136D-03
  -.46847455613765D-02  -.24080440875472D-02  0.33215832471633D-02
  0.91711170735585D-03  -.44522859487656D-02  -.70754913099660D-02
  -.39547802850387D-02  0.96444762263656D-02  0.42576740907935D-02
  -.43651862749759D-02  0.15424827790667D-03  0.49492955779390D-03
  0.98028202590435D-02  -.21047955047074D-02  -.43510270013959D-02
  -.30411954469852D-02  -.61159174213397D-02  0.81596484720092D-03
  -.31292613514721D-02  -.57192853768415D-02  0.28380538332579D-03
  -.93443511504199D-02  0.22475990605916D-02  -.27482461603411D-02
  0.10627561655033D-02  -.42878752108393D-02  0.73290457208112D-02
  -.80261641802269D-02  0.90923100573957D-02  -.10083701672587D-01
  0.58053160637081D-02  -.71377857393928D-02  0.70147882892901D-03
  0.29361403069059D-02  0.16919848571746D-02  0.83240649707248D-02
$end
