$coord
        0.8601706564       -0.1328244875       -1.0878318746  C   
       -0.6535524589        0.0274167926        1.1031282418  C   
       -1.9338787307       -2.1508010086        2.0183877506  C   
       -1.8790391841       -4.2687901276        0.4096138664  C   
       -0.2972866653       -4.4739606768       -1.7286908875  C   
        1.1463087679       -2.4411654478       -2.6684301928  C   
        1.9161640989        2.4511113927       -1.3819146163  C   
        0.9015107403        4.0780095967        0.7424536171  C   
       -0.7294388746        2.5902424711        1.9521498614  N   
       -3.3330577300       -2.3583258913        3.5011636436  H   
       -3.2746663128       -5.8223238327        0.8249680562  H   
       -0.7682324035       -6.3217017884       -2.6387850013  H   
        2.8269285704       -2.8412883663       -3.7908845051  H   
        3.1724453791        3.2654872411       -2.7653770588  H   
        1.1985112540        6.1064998862        1.3302891183  H   
       -1.8300447954        3.2182502067        3.4169523686  H   
$
