$coord
   55.08740461002325     54.15010422756423     35.44181173254411      c
   55.26882020850640     52.20557225737265     36.23171914581643      h
   53.50192627425833     54.07073572998304     34.06420138167047      h
   54.60467595910375     55.28932562677435     36.87018201707318      h
   57.47791005784973     54.63576384371585     33.97727586928387      c
   59.08984455947505     55.00047909763665     35.28874580550650      h
   58.08640376236504     52.33218768772825     32.35589084726799      c
   59.79660402290041     52.68367485871885     31.18804009714466      h
   58.44544794816104     50.65222115559291     33.56342584618191      h
   56.49147112675729     51.89187771931363     31.06520600878095      h
   57.07917784381085     57.00925608716795     32.36911893019818      c
   58.81961372247240     57.45523145452896     31.28063478792992      h
   55.51637433191443     56.75981223762705     30.99528803159032      h
   56.62942113445794     58.65710105449650     33.58988201204231      h
$user-defined bonds
$end
