$coord
       33.8196285327      142.7019577288       -9.0060421364  C   
      -93.0945055181      -50.8659888419       42.4508429776  C   
      -19.9830982505      -25.7383588426      -55.0889751905  C   
      -49.7552670156      -42.6676881190       98.9387295317  C   
      -40.5909370739       -7.9053323063       -3.2018879855  C   
       73.6945193526       10.0243742487      108.5728984598  C   
     -128.4366500586       47.5015752315      257.7306163513  C   
      138.5802240024     -184.0552895017     -369.9290605311  C   
      -60.2938765671     -121.3766052641      136.9187853578  N   
     -150.3815357686      622.3631585298      874.7486812023  H   
      727.6204631392      583.4808270001     -106.7581412856  H   
      753.4688781212     -499.4221433359     -700.2341170990  H   
    -1343.1115698291      194.3767545023      113.6471432502  H   
      731.7105203259      134.5426482486     -881.8324250976  H   
     -159.8518781247     -150.5060642168       37.3094442134  H   
     -181.8266631346     -418.8554150815      226.2896192132  H   
$
