$grad          cartesian gradients
  cycle =      1    SCF energy =     -363.0627520692   |dE/dxyz| =  0.174706
    0.92678431160000     -0.15295951890000     -1.12324981280000      c
   -0.64377722390000      0.04985035210000      1.09488911930000      c
   -1.91625963910000     -2.12509735230000      2.00422004430000      c
   -1.84867897430000     -4.25232916860000      0.39181893360000      c
   -0.28079828880000     -4.49355201450000     -1.72864740390000      c
    1.11572863940000     -2.44240386570000     -2.66445798790000      c
    1.87856762120000      2.47181750160000     -1.38147067010000      c
    0.87173569160000      4.07447055020000      0.75731167310000      c
   -0.75942616020000      2.56136846240000      1.93717505270000      n
   -3.38840695930000     -2.45218791220000      3.41161075280000      h
   -3.20772681710000     -5.84981979820000      0.91657750910000      h
   -0.79312203120000     -6.29146937590000     -2.60626974010000      h
    2.90842200730000     -2.74919983680000     -3.82149398890000      h
    3.21370616450000      3.25004989410000     -2.64295757620000      h
    1.16223475680000      6.05720531430000      1.28746010270000      h
   -1.83233043590000      3.17228022010000      3.42698587040000      h
  -.10281410105937D-01  -.44951150163684D-01  0.72183000429184D-02
  0.21132817307992D-01  0.10798252410622D-01  -.57528732043400D-02
  0.11746045857257D-01  0.11165924588048D-01  0.31795595975085D-01
  0.15711496691368D-01  0.61407848881857D-02  -.29105126842373D-01
  0.19987986831520D-01  -.17989231837101D-02  0.54195436281860D-02
  -.29062667760802D-01  -.74413286239136D-02  -.32206774674964D-01
  0.27533914718047D-01  -.14730510072682D-01  -.65217645064821D-01
  -.38077000844850D-01  0.42659733396186D-01  0.89066198810611D-01
  0.16698709266492D-01  0.32283937983852D-01  -.39183219289489D-01
  -.13479319865380D-02  -.17496509226106D-01  -.15263985020070D-01
  -.19724727342866D-01  -.14824467403157D-01  0.69237911538629D-02
  -.19141291151043D-01  0.59903584398399D-02  0.16336113584582D-01
  0.25828879672770D-01  -.78371397917652D-02  0.22535480550042D-02
  -.21318480438317D-01  -.63952356355940D-02  0.23318111102935D-01
  0.33650556738379D-03  0.10615646667648D-02  0.42729500398411D-02
  -.49322589438373D-03  0.50902427226471D-02  -.49334494399022D-03
$end
