$coord
        0.0041267081       -0.0016077227       -0.0126477822 ZN   
        0.1940656233       -3.6563614289       -1.6530597376  O   
        0.9282943346       -4.4330346962       -3.1123779547  H   
       -1.4564292857       -4.3866344296       -1.5326823130  H   
       -3.6348875586       -0.8899880990        1.3918523499  O   
       -4.2389357914       -2.5863937500        1.5628974421  H   
       -5.0755849436        0.0502289484        0.8330091030  H   
        1.5304533004       -1.6656458359        3.2260867620  O   
        2.0811426863       -0.6879129932        4.6447842323  H   
        2.6093454937       -3.1175072886        3.2296618331  H   
       -0.1169508863        3.2879474899        1.9179242753  O   
       -1.2521758668        3.6139508757        3.2879275091  H   
        1.3005407514        4.3652570489        2.2373681584  H   
        3.4264669007        0.4794576681       -1.7073029475  O   
        5.1127394308        0.6517415460       -1.0758553680  H   
        3.4855069394        1.2066356323       -3.3624915486  H   
       -1.2375761548        1.4504307430       -3.7663738377  O   
       -2.2775069274        2.5546077249       -4.7518990819  H   
       -0.5418690550        0.2906379560       -4.9675379183  H   
$
