$basis
*
zn def2-TZVPP
# zn    (17s12p7d2f1g) / [6s5p4d2f1g]     {842111/63111/4111/11/1}
*
   8  s
  405924.31028      0.22442017483E-03
  60846.955735      0.17402086626E-02
  13847.343092      0.90513339565E-02
  3919.6158551      0.36817341445E-01
  1276.3594167      0.12004850256
  458.67254435      0.28576057621
  178.28725246      0.41087462062
  70.612192837      0.21816962456
   4  s
  443.88077950     -0.24934274984E-01
  137.55875267     -0.11817955766
  22.268083479      0.55367318468
  9.5217310606      0.52628934936
   2  s
  14.874114065     -0.22929955254
  2.4647517612      0.71135484742
   1  s
  1.0113272238       1.0000000000
   1  s
 0.14919852089       1.0000000000
   1  s
 0.51441872981E-01   1.0000000000
   6  p
  2205.3508534      0.23356240448E-02
  522.35300699      0.19031022634E-01
  167.73055542      0.89955758675E-01
  62.670045373      0.26113248631
  25.109749456      0.42348448173
  10.225142681      0.24618926885
   3  p
  40.713442521     -0.30029667592E-01
  5.6247090696      0.55575254864
  2.2279949116      0.95581013442
   1  p
 0.83354741691       1.0000000000
   4  d
  88.554315311      0.12728170015E-01
  25.721525557      0.79394499843E-01
  9.1278367624      0.24491506805
  3.4312364064      0.40390526479
   1  d
  1.2308920645      0.40158491145
   1  d
 0.39031845112      0.21579805034
   1  p
 0.16245500000       1.0000000000
   1  p
 0.47769000000E-01   1.0000000000
   1  d
 0.12400000000       0.0000000000
   1  f
  1.4330000000       1.0000000000
   1  f
  5.6940000000       1.0000000000
   1  g
  3.6170000000       1.0000000000
*
o def2-TZVPP
# o     (11s6p2d1f) / [5s3p2d1f]     {62111/411/11/1}
*
   6  s
  27032.382631      0.21726302465E-03
  4052.3871392      0.16838662199E-02
  922.32722710      0.87395616265E-02
  261.24070989      0.35239968808E-01
  85.354641351      0.11153519115
  31.035035245      0.25588953961
   2  s
  12.260860728      0.39768730901
  4.9987076005      0.24627849430
   1  s
  1.1703108158       1.0000000000
   1  s
 0.46474740994       1.0000000000
   1  s
 0.18504536357       1.0000000000
   4  p
  63.274954801      0.60685103418E-02
  14.627049379      0.41912575824E-01
  4.4501223456      0.16153841088
  1.5275799647      0.35706951311
   1  p
 0.52935117943      0.44794207502
   1  p
 0.17478421270      0.24446069663
   1  d
  2.3140000000       1.0000000000
   1  d
 0.64500000000       1.0000000000
   1  f
  1.4280000000       1.0000000000
*
h def2-TZVPP
# h     (5s2p1d) / [3s2p1d]     {311/11/1}
*
   3  s
  34.061341000      0.60251978000E-02
  5.1235746000      0.45021094000E-01
  1.1646626000      0.20189726000
   1  s
 0.32723041000       1.0000000000
   1  s
 0.10307241000       1.0000000000
   1  p
  1.4070000000       1.0000000000
   1  p
 0.38800000000       1.0000000000
   1  d
  1.0570000000       1.0000000000
*
$end
